<?xml version="1.0" encoding="UTF-8" standalone="no" ?>
<SimscapeMultibodyImportXML version="2.0" xmlns="urn:mathworks:SimscapeMultibody:import" xmlns:xsi="http://www.w3.org/2001/XMLSchema-instance">
<Created by="" on="06/24/20||14:47:23" using="Simscape Multibody Link Version 6.1" from="SolidWorks 28.0.0"/>
<ModelUnits mass="kilogram" length="millimeter"/>
<DataUnits mass="kilogram" length="meter"/>
<RootAssembly name="Manipulador_6R" uid="Manipulador_6R" version="895">
<AssemblyFile name="Manipulador_6R.SLDASM" type="SolidWorks Assembly"/>
<InstanceTree>
<Instance name="Balinera-1" uid="Balinera-1" entityUid="Balinera*:*Predeterminado">
<Transform>
<Rotation>1 0 0 0 1 0 0 0 1</Rotation>
<Translation>-0.071583678990128657 0.022500395956339687 0.077990139963111077</Translation>
</Transform>
</Instance>
<Instance name="rodamiento-1" uid="rodamiento-1" entityUid="rodamiento*:*Predeterminado">
<Transform>
<Rotation>-0.60077852475712668 0 -0.79941551410430534 0 1 0 0.79941551410430534 0 -0.60077852475712668</Rotation>
<Translation>-0.0079424426448595851 0.022500395956339687 0.067500000000000032</Translation>
</Transform>
</Instance>
<Instance name="Balinera-5" uid="Balinera-5" entityUid="Balinera*:*Predeterminado">
<Transform>
<Rotation>1 0 0 0 1 0 0 0 1</Rotation>
<Translation>-0.062770711119932654 0.022500395956339687 0.033527791122368582</Translation>
</Transform>
</Instance>
<Instance name="Balinera-2" uid="Balinera-2" entityUid="Balinera*:*Predeterminado">
<Transform>
<Rotation>1 0 0 0 1 0 0 0 1</Rotation>
<Translation>-0.072434024957784685 0.022500395956339687 0.066457977555288594</Translation>
</Transform>
</Instance>
<Instance name="Balinera-3" uid="Balinera-3" entityUid="Balinera*:*Predeterminado">
<Transform>
<Rotation>1 0 0 0 1 0 0 0 1</Rotation>
<Translation>-0.07121155840605263 0.022500395956339687 0.054959306606217957</Translation>
</Transform>
</Instance>
<Instance name="Balinera-4" uid="Balinera-4" entityUid="Balinera*:*Predeterminado">
<Transform>
<Rotation>1 0 0 0 1 0 0 0 1</Rotation>
<Translation>-0.067955570415753924 0.022500395956339687 0.043863703861340413</Translation>
</Transform>
</Instance>
<Instance name="Balinera-6" uid="Balinera-6" entityUid="Balinera*:*Predeterminado">
<Transform>
<Rotation>1 0 0 0 1 0 0 0 1</Rotation>
<Translation>-0.055823626162473022 0.022500395956339687 0.024283773129150393</Translation>
</Transform>
</Instance>
<Instance name="Balinera-24" uid="Balinera-24" entityUid="Balinera*:*Predeterminado">
<Transform>
<Rotation>0.74033234144119897 0 -0.67224104621496594 0 1 0 0.67224104621496594 0 0.74033234144119897</Rotation>
<Translation>0.03587211259463486 0.022500395956339687 0.11483428724682804</Translation>
</Transform>
</Instance>
<Instance name="Balinera-17" uid="Balinera-17" entityUid="Balinera*:*Predeterminado">
<Transform>
<Rotation>1 0 0 0 1 0 0 0 1</Rotation>
<Translation>0.050614581855407348 0.022500395956339687 0.040456980906799916</Translation>
</Transform>
</Instance>
<Instance name="Balinera-18" uid="Balinera-18" entityUid="Balinera*:*Predeterminado">
<Transform>
<Rotation>1 0 0 0 1 0 0 0 1</Rotation>
<Translation>0.054502263896509848 0.022500395956339687 0.051347333812578139</Translation>
</Transform>
</Instance>
<Instance name="Balinera-19" uid="Balinera-19" entityUid="Balinera*:*Predeterminado">
<Transform>
<Rotation>1 0 0 0 1 0 0 0 1</Rotation>
<Translation>0.056382921689697024 0.022500395956339687 0.062756846700078167</Translation>
</Transform>
</Instance>
<Instance name="Balinera-25" uid="Balinera-25" entityUid="Balinera*:*Predeterminado">
<Transform>
<Rotation>0.40852133792664502 0 -0.91274876962865514 0 1 0 0.91274876962865514 0 0.40852133792664502</Rotation>
<Translation>0.026716131318267625 0.022500395956339687 0.12189699670792845</Translation>
</Transform>
</Instance>
<Instance name="Balinera-29" uid="Balinera-29" entityUid="Balinera*:*Predeterminado">
<Transform>
<Rotation>1 0 0 0 1 0 0 0 1</Rotation>
<Translation>-0.017631950249814558 0.022500395956339687 0.13126804405322048</Translation>
</Transform>
</Instance>
<Instance name="Balinera-30" uid="Balinera-30" entityUid="Balinera*:*Predeterminado">
<Transform>
<Rotation>1 0 0 0 1 0 0 0 1</Rotation>
<Translation>-0.028862459809852119 0.022500395956339687 0.12851313696095601</Translation>
</Transform>
</Instance>
<Instance name="Balinera-22" uid="Balinera-22" entityUid="Balinera*:*Predeterminado">
<Transform>
<Rotation>1 0 0 0 1 0 0 0 1</Rotation>
<Translation>0.049710348666295964 0.022500395956339687 0.096420678657879275</Translation>
</Transform>
</Instance>
<Instance name="Balinera-10" uid="Balinera-10" entityUid="Balinera*:*Predeterminado">
<Transform>
<Rotation>1 0 0 0 1 0 0 0 1</Rotation>
<Translation>-0.01556676646312876 0.022500395956339687 0.0034522077951604363</Translation>
</Transform>
</Instance>
<Instance name="Balinera-7" uid="Balinera-7" entityUid="Balinera*:*Predeterminado">
<Transform>
<Rotation>1 0 0 0 1 0 0 0 1</Rotation>
<Translation>-0.047337600569988245 0.022500395956339687 0.016428760225991199</Translation>
</Transform>
</Instance>
<Instance name="Balinera-13" uid="Balinera-13" entityUid="Balinera*:*Predeterminado">
<Transform>
<Rotation>1 0 0 0 1 0 0 0 1</Rotation>
<Translation>0.037378449536694412 0.022500395956339687 0.021605918335061577</Translation>
</Transform>
</Instance>
<Instance name="Balinera-14" uid="Balinera-14" entityUid="Balinera*:*Predeterminado">
<Transform>
<Rotation>1 0 0 0 1 0 0 0 1</Rotation>
<Translation>0.02845541944253337 0.022500395956339687 0.014251097330863105</Translation>
</Transform>
</Instance>
<Instance name="Balinera-23" uid="Balinera-23" entityUid="Balinera*:*Predeterminado">
<Transform>
<Rotation>1 0 0 0 1 0 0 0 1</Rotation>
<Translation>0.043619858014868049 0.022500395956339687 0.10625021484683408</Translation>
</Transform>
</Instance>
<Instance name="Balinera-8" uid="Balinera-8" entityUid="Balinera*:*Predeterminado">
<Transform>
<Rotation>-0.58990446586096479 0 0.80747304670638398 0 1 0 -0.80747304670638398 0 -0.58990446586096479</Rotation>
<Translation>-0.037585382187345966 0.022500395956339687 0.010215218990724681</Translation>
</Transform>
</Instance>
<Instance name="Balinera-12" uid="Balinera-12" entityUid="Balinera*:*Predeterminado">
<Transform>
<Rotation>1 0 0 0 1 0 0 0 1</Rotation>
<Translation>0.0074241812502013754 0.022500395956339687 0.0048572281099578118</Translation>
</Transform>
</Instance>
<Instance name="Balinera-26" uid="Balinera-26" entityUid="Balinera*:*Predeterminado">
<Transform>
<Rotation>1 0 0 0 1 0 0 0 1</Rotation>
<Translation>0.016446194957555851 0.022500395956339687 0.127211341936838</Translation>
</Transform>
</Instance>
<Instance name="Balinera-28" uid="Balinera-28" entityUid="Balinera*:*Predeterminado">
<Transform>
<Rotation>1 0 0 0 1 0 0 0 1</Rotation>
<Translation>-0.0060900119428004135 0.022500395956339687 0.13197339374109301</Translation>
</Transform>
</Instance>
<Instance name="Balinera-20" uid="Balinera-20" entityUid="Balinera*:*Predeterminado">
<Transform>
<Rotation>1 0 0 0 1 0 0 0 1</Rotation>
<Translation>0.05619610934608546 0.022500395956339687 0.074318808437317196</Translation>
</Transform>
</Instance>
<Instance name="Balinera-31" uid="Balinera-31" entityUid="Balinera*:*Predeterminado">
<Transform>
<Rotation>1 0 0 0 1 0 0 0 1</Rotation>
<Translation>-0.039420582805159338 0.022500395956339687 0.12379721744499003</Translation>
</Transform>
</Instance>
<Instance name="Balinera-15" uid="Balinera-15" entityUid="Balinera*:*Predeterminado">
<Transform>
<Rotation>1 0 0 0 1 0 0 0 1</Rotation>
<Translation>0.018362532112622745 0.022500395956339687 0.0086077398717936265</Translation>
</Transform>
</Instance>
<Instance name="Balinera-27" uid="Balinera-27" entityUid="Balinera*:*Predeterminado">
<Transform>
<Rotation>1 0 0 0 1 0 0 0 1</Rotation>
<Translation>0.0053923877172645795 0.022500395956339687 0.13060651550524174</Translation>
</Transform>
</Instance>
<Instance name="Balinera-11" uid="Balinera-11" entityUid="Balinera*:*Predeterminado">
<Transform>
<Rotation>1 0 0 0 1 0 0 0 1</Rotation>
<Translation>-0.0040080655479075161 0.022500395956339687 0.0031201065793123178</Translation>
</Transform>
</Instance>
<Instance name="Balinera-21" uid="Balinera-21" entityUid="Balinera*:*Predeterminado">
<Transform>
<Rotation>1 0 0 0 1 0 0 0 1</Rotation>
<Translation>0.053947831168108556 0.022500395956339687 0.085661608060846453</Translation>
</Transform>
</Instance>
<Instance name="Balinera-16" uid="Balinera-16" entityUid="Balinera*:*Predeterminado">
<Transform>
<Rotation>1 0 0 0 1 0 0 0 1</Rotation>
<Translation>0.04484482886598605 0.022500395956339687 0.030435812885747357</Translation>
</Transform>
</Instance>
<Instance name="Separadores-4" uid="Separadores-4" entityUid="Separadores*:*Predeterminado">
<Transform>
<Rotation>-0.83716910433122238 0 -0.54694413860398872 0 -1 0 -0.54694413860398872 0 0.83716910433122238</Rotation>
<Translation>0.022057557355140263 0.014500395956339802 0.037499999999999964</Translation>
</Transform>
</Instance>
<Instance name="Servo Bracket - U Shaped-2" uid="Servo Bracket - U Shaped-2" entityUid="Servo Bracket - U Shaped*:*Défaut">
<Transform>
<Rotation>-3.4694469519533424e-15 -0.31952298241701327 -0.94757852640682882 1 -9.4478000701492266e-16 -3.2770669396679609e-15 0 -0.94757852640682871 0.31952298241701321</Rotation>
<Translation>-0.019088630611022006 0.032000395956339807 0.068306309733985077</Translation>
</Transform>
</Instance>
<Instance name="Servo Mount - Horn Frame-2" uid="Servo Mount - Horn Frame-2" entityUid="Servo Mount - Horn Frame*:*Défaut">
<Transform>
<Rotation>0.94558016451642424 0.31952298241701299 0.061507854623854955 0.064910561932095837 1.1085680368107365e-15 -0.99789108571509944 -0.31884913583503971 0.94757852640682882 -0.020740416338906442</Rotation>
<Translation>-0.039184657444946223 0.045500396000057244 0.041570944943313363</Translation>
</Transform>
</Instance>
<Instance name="Servo Bracket - U Shaped bis-1" uid="Servo Bracket - U Shaped bis-1" entityUid="Servo Bracket - U Shaped bis*:*Défaut">
<Transform>
<Rotation>0.94558016451642435 0.061507854623856634 -0.31952298241701232 0.064910561932097585 -0.99789108571509921 -1.1597084226573288e-15 -0.31884913583503904 -0.020740416338906911 -0.94757852640682894</Rotation>
<Translation>-0.042899096140973182 0.095394950285812075 0.040712808707445078</Translation>
</Transform>
</Instance>
<Instance name="Servo Bracket - U Shaped bis-2" uid="Servo Bracket - U Shaped bis-2" entityUid="Servo Bracket - U Shaped bis*:*Défaut">
<Transform>
<Rotation>-0.94558016451642424 -0.061507854623858896 -0.31952298241701238 -0.064910561932097655 0.99789108571509944 -8.1526544457597863e-15 0.31884913583503954 0.020740416338900305 -0.94757852640682905</Rotation>
<Translation>-0.043268143268716294 0.10138229680010266 0.040837251205478514</Translation>
</Transform>
</Instance>
<Instance name="Servo_con_Bracket-8" uid="Servo_con_Bracket-8" entityUid="Servo_con_Bracket" rigid="true">
<Transform>
<Rotation>0.043288713880572607 -0.31952298241701316 0.94658921975580457 -0.99895596341257797 -1.1085680365522425e-15 0.045683510837588225 -0.014596931630105033 -0.94757852640682882 -0.31918938873284763</Rotation>
<Translation>-0.10093422806104278 0.14255040995386298 0.093337088481034017</Translation>
</Transform>
<Instance name="Servo_SG_5010.iam-1" uid="Servo_SG_5010.iam-1" entityUid="Servo_SG_5010.iam" rigid="true">
<Transform>
<Rotation>1 0 0 0 1 0 0 0 1</Rotation>
<Translation>0.0019514963503807492 -0.019497064335900621 0.056735323315127997</Translation>
</Transform>
<Instance name="Servo.ipt-1" uid="Servo.ipt-1" grounded="true" entityUid="Servo.ipt*:*Predeterminado">
<Transform>
<Rotation>1 0 0 0 1 0 0 0 1</Rotation>
<Translation>-0.0075544666960399576 0.0088191433809129832 0.0012646766848719918</Translation>
</Transform>
</Instance>
</Instance>
<Instance name="Servo Bracket - U Shaped-1" uid="Servo Bracket - U Shaped-1" grounded="true" entityUid="Servo Bracket - U Shaped*:*Défaut">
<Transform>
<Rotation>1 0 0 0 1 0 0 0 1</Rotation>
<Translation>-0.019102970586645562 -0.0024329209549876912 0.057999999999999996</Translation>
</Transform>
</Instance>
</Instance>
<Instance name="Servo Mount - Horn Frame-8" uid="Servo Mount - Horn Frame-8" entityUid="Servo Mount - Horn Frame*:*Défaut">
<Transform>
<Rotation>-0.94558016451642435 0.31952298241701188 -0.061507854623858868 -0.064910561932097696 7.8925836591376396e-15 0.99789108571509921 0.31884913583503899 0.94757852640682916 0.020740416338900548</Rotation>
<Translation>-0.045704490035075408 0.15127685108585759 0.043769429075237218</Translation>
</Transform>
</Instance>
<Instance name="Superior rodamiento-1" uid="Superior rodamiento-1" entityUid="Superior rodamiento*:*Predeterminado">
<Transform>
<Rotation>-0.94757852640682882 3.4694469519533424e-15 0.3195229824170131 -3.2875734301786128e-15 -1 1.1085680374257466e-15 0.3195229824170131 0 0.94757852640682882</Rotation>
<Translation>-0.0079424425145986528 0.028500395956339849 0.068499999999999991</Translation>
</Transform>
</Instance>
<Instance name="Balinera-32" uid="Balinera-32" entityUid="Balinera*:*Predeterminado">
<Transform>
<Rotation>1 0 0 0 1 0 0 0 1</Rotation>
<Translation>-0.048966972475414552 0.022500395956339687 0.11727185903883726</Translation>
</Transform>
</Instance>
<Instance name="Servo Mount - Horn Frame-1" uid="Servo Mount - Horn Frame-1" entityUid="Servo Mount - Horn Frame*:*Défaut">
<Transform>
<Rotation>0.95838391886710239 3.4694469519533436e-15 -0.2854825109475802 3.3250621661145658e-15 -1 -9.904664274430722e-16 -0.2854825109475802 0 -0.95838391886710239</Rotation>
<Translation>-0.0079424425145987274 0.031000395956339844 0.068499999999999991</Translation>
</Transform>
</Instance>
<Instance name="Balinera-33" uid="Balinera-33" entityUid="Balinera*:*Predeterminado">
<Transform>
<Rotation>1 0 0 0 1 0 0 0 1</Rotation>
<Translation>-0.05719480000182009 0.022500395956339687 0.10914679213075426</Translation>
</Transform>
</Instance>
<Instance name="Balinera-34" uid="Balinera-34" entityUid="Balinera*:*Predeterminado">
<Transform>
<Rotation>1 0 0 0 1 0 0 0 1</Rotation>
<Translation>-0.063839616237798422 0.022500395956339687 0.099683163056494009</Translation>
</Transform>
</Instance>
<Instance name="Separadores-3" uid="Separadores-3" entityUid="Separadores*:*Predeterminado">
<Transform>
<Rotation>-0.83716910433122238 0 -0.54694413860398872 0 -1 0 -0.54694413860398872 0 0.83716910433122238</Rotation>
<Translation>-0.037942442644859721 0.014500395956339802 0.03749999999999995</Translation>
</Transform>
</Instance>
<Instance name="Servo_con_Bracket-9" uid="Servo_con_Bracket-9" entityUid="Servo_con_Bracket" rigid="true">
<Transform>
<Rotation>0.027917115428265329 0.94658921975580401 0.3212311997740302 -0.99780680041835401 0.045683510837591555 -0.047902044595601947 -0.060018528014708021 -0.31918938873284869 0.94578851252026641</Rotation>
<Translation>-0.075410391614072592 0.21576554590044852 0.0082070402082613618</Translation>
</Transform>
<Instance name="Servo_SG_5010.iam-1" uid="Servo_SG_5010.iam-1" entityUid="Servo_SG_5010.iam" rigid="true">
<Transform>
<Rotation>1 0 0 0 1 0 0 0 1</Rotation>
<Translation>0.001951496350380777 -0.019497064335900635 0.056735323315128018</Translation>
</Transform>
<Instance name="Servo.ipt-1" uid="Servo.ipt-1" grounded="true" entityUid="Servo.ipt*:*Predeterminado">
<Transform>
<Rotation>1 0 0 0 1 0 0 0 1</Rotation>
<Translation>-0.0075544666960400131 0.0088191433809129971 0.0012646766848719987</Translation>
</Transform>
</Instance>
</Instance>
<Instance name="Servo Bracket - U Shaped-1" uid="Servo Bracket - U Shaped-1" grounded="true" entityUid="Servo Bracket - U Shaped*:*Défaut">
<Transform>
<Rotation>1 0 0 0 1 0 0 0 1</Rotation>
<Translation>-0.019102970586645562 -0.0024329209549876774 0.05800000000000001</Translation>
</Transform>
</Instance>
</Instance>
<Instance name="Separadores-1" uid="Separadores-1" entityUid="Separadores*:*Predeterminado">
<Transform>
<Rotation>-0.83716910433122238 0 -0.54694413860398872 0 -1 0 -0.54694413860398872 0 0.83716910433122238</Rotation>
<Translation>0.022057557355140259 0.014500395956339802 0.097499999999999962</Translation>
</Transform>
</Instance>
<Instance name="Servo_SG_5010.iam-1" uid="Servo_SG_5010.iam-1" entityUid="Servo_SG_5010.iam" rigid="true">
<Transform>
<Rotation>-3.4694469519533424e-15 -0.31952298241701299 -0.94757852640682882 1 -1.1085680368129141e-15 -3.2875734239831639e-15 0 -0.94757852640682882 0.31952298241701299</Rotation>
<Translation>-0.01243786415612942 0.053054862696097195 0.084071832307120703</Translation>
</Transform>
<Instance name="Servo.ipt-1" uid="Servo.ipt-1" grounded="true" entityUid="Servo.ipt*:*Predeterminado">
<Transform>
<Rotation>1 0 0 0 1 0 0 0 1</Rotation>
<Translation>-0.0075544666960399992 0.008819143380913011 0.0012646766848719987</Translation>
</Transform>
</Instance>
</Instance>
<Instance name="Base_Rodamiento-1" uid="Base_Rodamiento-1" entityUid="Base_Rodamiento*:*Predeterminado">
<Transform>
<Rotation>1.1102230246251565e-16 0 1 0 1 0 -1 0 1.1102230246251565e-16</Rotation>
<Translation>-0.007942442644859736 0.014500395956339802 0.067499999999999949</Translation>
</Transform>
</Instance>
<Instance name="Servo Bracket - U Shaped bis-5" uid="Servo Bracket - U Shaped bis-5" entityUid="Servo Bracket - U Shaped bis*:*Défaut">
<Transform>
<Rotation>0.31952298241701421 -0.043288713880575903 -0.94658921975580423 1.2051492841197894e-15 0.99895596341257786 -0.04568351083759168 0.94757852640682849 0.014596931630106143 0.31918938873284874</Rotation>
<Translation>-0.074757891447381125 0.16699976551906562 0.080476919271871034</Translation>
</Transform>
</Instance>
<Instance name="Servo Mount - Horn Frame-9" uid="Servo Mount - Horn Frame-9" entityUid="Servo Mount - Horn Frame*:*Défaut">
<Transform>
<Rotation>-0.043288713880578145 -0.94658921975580412 0.31952298241701388 0.99895596341257786 -0.045683510837591569 8.5964301719937733e-15 0.014596931630099098 0.31918938873284869 0.94757852640682849</Rotation>
<Translation>-0.025806509274596452 0.21941447327492458 0.063970538861801568</Translation>
</Transform>
</Instance>
<Instance name="Balinera-35" uid="Balinera-35" entityUid="Balinera*:*Predeterminado">
<Transform>
<Rotation>1 0 0 0 1 0 0 0 1</Rotation>
<Translation>-0.068687851322151994 0.022500395956339687 0.089185140641203267</Translation>
</Transform>
</Instance>
<Instance name="Base-1" uid="Base-1" entityUid="Base*:*Predeterminado">
<Transform>
<Rotation>1 0 0 0 1 0 0 0 1</Rotation>
<Translation>-0.0079424426448597325 -0.025499604043660203 0.067500000000000004</Translation>
</Transform>
</Instance>
<Instance name="Servo Bracket - U Shaped-1" uid="Servo Bracket - U Shaped-1" grounded="true" entityUid="Servo Bracket - U Shaped*:*Défaut">
<Transform>
<Rotation>1 0 0 0 1 0 0 0 1</Rotation>
<Translation>-0.021442442644859706 -0.00075460404366015522 0.05800000000000001</Translation>
</Transform>
</Instance>
<Instance name="Servo.ipt-1" uid="Servo.ipt-1" entityUid="Servo.ipt*:*Predeterminado">
<Transform>
<Rotation>1 0 0 0 1 0 0 0 1</Rotation>
<Translation>-0.0079424425145984742 -0.0089996040436601098 0.05800000000000001</Translation>
</Transform>
</Instance>
<Instance name="Separadores-2" uid="Separadores-2" entityUid="Separadores*:*Predeterminado">
<Transform>
<Rotation>-0.83716910433122238 0 -0.54694413860398872 0 -1 0 -0.54694413860398872 0 0.83716910433122238</Rotation>
<Translation>-0.037942442644859707 0.014500395956339802 0.097499999999999948</Translation>
</Transform>
</Instance>
<Instance name="Servo_con_Bracket-10" uid="Servo_con_Bracket-10" entityUid="Servo_con_Bracket" rigid="true">
<Transform>
<Rotation>0.038201652225302356 0.32123119977402914 -0.94622996679401095 -0.99725146350471516 -0.047902044595605514 -0.056523558462505952 -0.063483480567473313 0.94578851252026663 0.31851834684950386</Rotation>
<Translation>0.0087617727384577924 0.28454790224158022 0.040914152531776896</Translation>
</Transform>
<Instance name="Servo_SG_5010.iam-1" uid="Servo_SG_5010.iam-1" entityUid="Servo_SG_5010.iam" rigid="true">
<Transform>
<Rotation>1 0 0 0 1 0 0 0 1</Rotation>
<Translation>0.0019514963503807214 -0.019497064335900635 0.056735323315128032</Translation>
</Transform>
<Instance name="Servo.ipt-1" uid="Servo.ipt-1" grounded="true" entityUid="Servo.ipt*:*Predeterminado">
<Transform>
<Rotation>1 0 0 0 1 0 0 0 1</Rotation>
<Translation>-0.0075544666960399853 0.0088191433809129971 0.0012646766848719987</Translation>
</Transform>
</Instance>
</Instance>
<Instance name="Servo Bracket - U Shaped-1" uid="Servo Bracket - U Shaped-1" grounded="true" entityUid="Servo Bracket - U Shaped*:*Défaut">
<Transform>
<Rotation>1 0 0 0 1 0 0 0 1</Rotation>
<Translation>-0.019102970586645562 -0.0024329209549876843 0.058000000000000017</Translation>
</Transform>
</Instance>
</Instance>
<Instance name="Servo_con_Bracket-11" uid="Servo_con_Bracket-11" entityUid="Servo_con_Bracket" rigid="true">
<Transform>
<Rotation>0.32123119977402892 -0.038201652225302529 -0.94622996679401083 -0.047902044595605493 0.99725146350471516 -0.056523558462506118 0.94578851252026663 0.063483480567473313 0.31851834684950359</Rotation>
<Translation>0.0060156508605815106 0.32668360094948029 0.043373027581537896</Translation>
</Transform>
<Instance name="Servo_SG_5010.iam-1" uid="Servo_SG_5010.iam-1" entityUid="Servo_SG_5010.iam" rigid="true">
<Transform>
<Rotation>1 0 0 0 1 0 0 0 1</Rotation>
<Translation>0.00195149635038077 -0.019497064335900649 0.056735323315127997</Translation>
</Transform>
<Instance name="Servo.ipt-1" uid="Servo.ipt-1" grounded="true" entityUid="Servo.ipt*:*Predeterminado">
<Transform>
<Rotation>1 0 0 0 1 0 0 0 1</Rotation>
<Translation>-0.0075544666960400027 0.0088191433809130526 0.0012646766848720126</Translation>
</Transform>
</Instance>
</Instance>
<Instance name="Servo Bracket - U Shaped-1" uid="Servo Bracket - U Shaped-1" grounded="true" entityUid="Servo Bracket - U Shaped*:*Défaut">
<Transform>
<Rotation>1 0 0 0 1 0 0 0 1</Rotation>
<Translation>-0.019102970586645573 -0.0024329209549876496 0.05800000000000001</Translation>
</Transform>
</Instance>
</Instance>
<Instance name="Servo Bracket - U Shaped bis-6" uid="Servo Bracket - U Shaped bis-6" entityUid="Servo Bracket - U Shaped bis*:*Défaut">
<Transform>
<Rotation>0.94658921975580423 -0.027917115428264114 0.32123119977402992 0.045683510837591423 0.99780680041835379 -0.047902044595605396 -0.31918938873284841 0.060018528014711234 0.94578851252026641</Rotation>
<Translation>-0.044811537909046115 0.23487287721592184 0.089711491498315629</Translation>
</Transform>
</Instance>
<Instance name="Servo Bracket - Long U-3" uid="Servo Bracket - Long U-3" entityUid="Servo Bracket - Long U*:*Défaut">
<Transform>
<Rotation>0.94129578594686902 -0.038201652225301273 0.33541448556364323 0.057237028245539529 0.99725146350471494 -0.047047222397537711 -0.33269530498082706 0.063483480567476769 0.94089514917378203</Rotation>
<Translation>-0.056857592576770165 0.35163943244603951 0.075396756650084745</Translation>
</Transform>
</Instance>
<Instance name="Servo Mount - Horn Frame-10" uid="Servo Mount - Horn Frame-10" entityUid="Servo Mount - Horn Frame*:*Défaut">
<Transform>
<Rotation>0.94658921975580435 -0.32123119977402909 -0.027917115428263077 0.045683510837590251 0.047902044595605493 0.99780680041835368 -0.31918938873284775 -0.94578851252026652 0.060018528014710998</Rotation>
<Translation>-0.046849856080006295 0.28485902132603103 0.090820840874010475</Translation>
</Transform>
</Instance>
<Instance name="Servo Mount - Horn Frame-11" uid="Servo Mount - Horn Frame-11" entityUid="Servo Mount - Horn Frame*:*Défaut">
<Transform>
<Rotation>-0.33541448556364245 0.038201652225302418 -0.94129578594686902 0.047047222397534304 -0.99725146350471505 -0.057237028245539487 -0.94089514917378225 -0.063483480567473494 0.33269530498082645</Rotation>
<Translation>-0.061721102617443013 0.35232161717080379 0.061753776987064822</Translation>
</Transform>
</Instance>
</InstanceTree>
<Constraints>
<Tangent name="Tangente1">
<ConstraintGeometry geomType="cylinder">
<InstancePath>
<Uid>Servo Bracket - U Shaped-1</Uid>
</InstancePath>
<Position>0.008499999999999867 0.010755000000000028 0.025000000000000008</Position>
<Axis>0 -1 0</Axis>
</ConstraintGeometry>
<ConstraintGeometry geomType="cylinder">
<InstancePath>
<Uid>Servo.ipt-1</Uid>
</InstancePath>
<Position>-0.0049999999999999992 0.023 0.025499999999999995</Position>
<Axis>0 1 0</Axis>
</ConstraintGeometry>
</Tangent>
<Tangent name="Tangente3">
<ConstraintGeometry geomType="cylinder">
<InstancePath>
<Uid>Servo Bracket - U Shaped-1</Uid>
</InstancePath>
<Position>0.018499999999999867 0.010755000000000063 0.025000000000000008</Position>
<Axis>0 -1 0</Axis>
</ConstraintGeometry>
<ConstraintGeometry geomType="cylinder">
<InstancePath>
<Uid>Servo.ipt-1</Uid>
</InstancePath>
<Position>0.0050000000000000001 0.023 0.025499999999999995</Position>
<Axis>0 1 0</Axis>
</ConstraintGeometry>
</Tangent>
<Tangent name="Tangente4">
<ConstraintGeometry geomType="cylinder">
<InstancePath>
<Uid>Servo Bracket - U Shaped-1</Uid>
</InstancePath>
<Position>0.018499999999999867 0.010755000000000063 -0.025000000000000008</Position>
<Axis>0 -1 0</Axis>
</ConstraintGeometry>
<ConstraintGeometry geomType="cylinder">
<InstancePath>
<Uid>Servo.ipt-1</Uid>
</InstancePath>
<Position>0.0050000000000000001 0.023 -0.025499999999999995</Position>
<Axis>0 1 0</Axis>
</ConstraintGeometry>
</Tangent>
<Coincident name="Coincidente2">
<ConstraintGeometry geomType="plane">
<InstancePath>
<Uid>Servo Bracket - U Shaped-1</Uid>
</InstancePath>
<Position>0 -0.019744999999999999 0</Position>
<Axis>-3.469446951953615e-15 -1 0</Axis>
</ConstraintGeometry>
<ConstraintGeometry geomType="plane">
<InstancePath>
<Uid>Base-1</Uid>
</InstancePath>
<Position>0 0.005000000000000001 0</Position>
<Axis>0 1 0</Axis>
</ConstraintGeometry>
</Coincident>
<Concentric name="Concéntrica1">
<ConstraintGeometry geomType="cylinder">
<InstancePath>
<Uid>Servo Bracket - U Shaped-1</Uid>
</InstancePath>
<Position>0.013499999999999967 -0.019745000000000047 0.016500000000000001</Position>
<Axis>0 -1 0</Axis>
</ConstraintGeometry>
<ConstraintGeometry geomType="cylinder">
<InstancePath>
<Uid>Base-1</Uid>
</InstancePath>
<Position>0 0 0.0070000000000000062</Position>
<Axis>0 1 0</Axis>
</ConstraintGeometry>
</Concentric>
<Concentric name="Concéntrica2">
<ConstraintGeometry geomType="cylinder">
<InstancePath>
<Uid>Servo Bracket - U Shaped-1</Uid>
</InstancePath>
<Position>0.013499999999999969 -0.019745000000000047 0.0094999999999999946</Position>
<Axis>0 -1 0</Axis>
</ConstraintGeometry>
<ConstraintGeometry geomType="cylinder">
<InstancePath>
<Uid>Base-1</Uid>
</InstancePath>
<Position>0 0 0</Position>
<Axis>0 1 0</Axis>
</ConstraintGeometry>
</Concentric>
<Coincident name="Coincidente3">
<ConstraintGeometry geomType="plane">
<InstancePath>
<Uid>Balinera-1</Uid>
</InstancePath>
<Position>0 0 0</Position>
<Axis>0 1 0</Axis>
</ConstraintGeometry>
<ConstraintGeometry geomType="plane">
<InstancePath>
<Uid>Balinera-2</Uid>
</InstancePath>
<Position>0 0 0</Position>
<Axis>0 1 0</Axis>
</ConstraintGeometry>
</Coincident>
<Coincident name="Coincidente4">
<ConstraintGeometry geomType="plane">
<InstancePath>
<Uid>Balinera-2</Uid>
</InstancePath>
<Position>0 0 0</Position>
<Axis>0 1 0</Axis>
</ConstraintGeometry>
<ConstraintGeometry geomType="plane">
<InstancePath>
<Uid>Balinera-3</Uid>
</InstancePath>
<Position>0 0 0</Position>
<Axis>0 1 0</Axis>
</ConstraintGeometry>
</Coincident>
<Coincident name="Coincidente5">
<ConstraintGeometry geomType="plane">
<InstancePath>
<Uid>Balinera-3</Uid>
</InstancePath>
<Position>0 0 0</Position>
<Axis>0 1 0</Axis>
</ConstraintGeometry>
<ConstraintGeometry geomType="plane">
<InstancePath>
<Uid>Balinera-4</Uid>
</InstancePath>
<Position>0 0 0</Position>
<Axis>0 1 0</Axis>
</ConstraintGeometry>
</Coincident>
<Coincident name="Coincidente6">
<ConstraintGeometry geomType="plane">
<InstancePath>
<Uid>Balinera-4</Uid>
</InstancePath>
<Position>0 0 0</Position>
<Axis>0 1 0</Axis>
</ConstraintGeometry>
<ConstraintGeometry geomType="plane">
<InstancePath>
<Uid>Balinera-5</Uid>
</InstancePath>
<Position>0 0 0</Position>
<Axis>0 1 0</Axis>
</ConstraintGeometry>
</Coincident>
<Coincident name="Coincidente7">
<ConstraintGeometry geomType="plane">
<InstancePath>
<Uid>Balinera-5</Uid>
</InstancePath>
<Position>0 0 0</Position>
<Axis>0 1 0</Axis>
</ConstraintGeometry>
<ConstraintGeometry geomType="plane">
<InstancePath>
<Uid>Balinera-6</Uid>
</InstancePath>
<Position>0 0 0</Position>
<Axis>0 1 0</Axis>
</ConstraintGeometry>
</Coincident>
<Coincident name="Coincidente8">
<ConstraintGeometry geomType="plane">
<InstancePath>
<Uid>Balinera-6</Uid>
</InstancePath>
<Position>0 0 0</Position>
<Axis>0 1 0</Axis>
</ConstraintGeometry>
<ConstraintGeometry geomType="plane">
<InstancePath>
<Uid>Balinera-7</Uid>
</InstancePath>
<Position>0 0 0</Position>
<Axis>0 1 0</Axis>
</ConstraintGeometry>
</Coincident>
<Coincident name="Coincidente9">
<ConstraintGeometry geomType="plane">
<InstancePath>
<Uid>Balinera-7</Uid>
</InstancePath>
<Position>0 0 0</Position>
<Axis>0 1 0</Axis>
</ConstraintGeometry>
<ConstraintGeometry geomType="plane">
<InstancePath>
<Uid>Balinera-8</Uid>
</InstancePath>
<Position>0 0 0</Position>
<Axis>0 1 0</Axis>
</ConstraintGeometry>
</Coincident>
<Coincident name="Coincidente12">
<ConstraintGeometry geomType="plane">
<InstancePath>
<Uid>Balinera-10</Uid>
</InstancePath>
<Position>0 0 0</Position>
<Axis>0 1 0</Axis>
</ConstraintGeometry>
<ConstraintGeometry geomType="plane">
<InstancePath>
<Uid>Balinera-11</Uid>
</InstancePath>
<Position>0 0 0</Position>
<Axis>0 1 0</Axis>
</ConstraintGeometry>
</Coincident>
<Coincident name="Coincidente13">
<ConstraintGeometry geomType="plane">
<InstancePath>
<Uid>Balinera-11</Uid>
</InstancePath>
<Position>0 0 0</Position>
<Axis>0 1 0</Axis>
</ConstraintGeometry>
<ConstraintGeometry geomType="plane">
<InstancePath>
<Uid>Balinera-12</Uid>
</InstancePath>
<Position>0 0 0</Position>
<Axis>0 1 0</Axis>
</ConstraintGeometry>
</Coincident>
<Coincident name="Coincidente14">
<ConstraintGeometry geomType="plane">
<InstancePath>
<Uid>Balinera-12</Uid>
</InstancePath>
<Position>0 0 0</Position>
<Axis>0 1 0</Axis>
</ConstraintGeometry>
<ConstraintGeometry geomType="plane">
<InstancePath>
<Uid>Balinera-13</Uid>
</InstancePath>
<Position>0 0 0</Position>
<Axis>0 1 0</Axis>
</ConstraintGeometry>
</Coincident>
<Coincident name="Coincidente15">
<ConstraintGeometry geomType="plane">
<InstancePath>
<Uid>Balinera-13</Uid>
</InstancePath>
<Position>0 0 0</Position>
<Axis>0 1 0</Axis>
</ConstraintGeometry>
<ConstraintGeometry geomType="plane">
<InstancePath>
<Uid>Balinera-14</Uid>
</InstancePath>
<Position>0 0 0</Position>
<Axis>0 1 0</Axis>
</ConstraintGeometry>
</Coincident>
<Coincident name="Coincidente16">
<ConstraintGeometry geomType="plane">
<InstancePath>
<Uid>Balinera-14</Uid>
</InstancePath>
<Position>0 0 0</Position>
<Axis>0 1 0</Axis>
</ConstraintGeometry>
<ConstraintGeometry geomType="plane">
<InstancePath>
<Uid>Balinera-15</Uid>
</InstancePath>
<Position>0 0 0</Position>
<Axis>0 1 0</Axis>
</ConstraintGeometry>
</Coincident>
<Coincident name="Coincidente17">
<ConstraintGeometry geomType="plane">
<InstancePath>
<Uid>Balinera-15</Uid>
</InstancePath>
<Position>0 0 0</Position>
<Axis>0 1 0</Axis>
</ConstraintGeometry>
<ConstraintGeometry geomType="plane">
<InstancePath>
<Uid>Balinera-16</Uid>
</InstancePath>
<Position>0 0 0</Position>
<Axis>0 1 0</Axis>
</ConstraintGeometry>
</Coincident>
<Coincident name="Coincidente18">
<ConstraintGeometry geomType="plane">
<InstancePath>
<Uid>Balinera-16</Uid>
</InstancePath>
<Position>0 0 0</Position>
<Axis>0 1 0</Axis>
</ConstraintGeometry>
<ConstraintGeometry geomType="plane">
<InstancePath>
<Uid>Balinera-17</Uid>
</InstancePath>
<Position>0 0 0</Position>
<Axis>0 1 0</Axis>
</ConstraintGeometry>
</Coincident>
<Coincident name="Coincidente19">
<ConstraintGeometry geomType="plane">
<InstancePath>
<Uid>Balinera-17</Uid>
</InstancePath>
<Position>0 0 0</Position>
<Axis>0 1 0</Axis>
</ConstraintGeometry>
<ConstraintGeometry geomType="plane">
<InstancePath>
<Uid>Balinera-18</Uid>
</InstancePath>
<Position>0 0 0</Position>
<Axis>0 1 0</Axis>
</ConstraintGeometry>
</Coincident>
<Coincident name="Coincidente20">
<ConstraintGeometry geomType="plane">
<InstancePath>
<Uid>Balinera-18</Uid>
</InstancePath>
<Position>0 0 0</Position>
<Axis>0 1 0</Axis>
</ConstraintGeometry>
<ConstraintGeometry geomType="plane">
<InstancePath>
<Uid>Balinera-19</Uid>
</InstancePath>
<Position>0 0 0</Position>
<Axis>0 1 0</Axis>
</ConstraintGeometry>
</Coincident>
<Coincident name="Coincidente21">
<ConstraintGeometry geomType="plane">
<InstancePath>
<Uid>Balinera-19</Uid>
</InstancePath>
<Position>0 0 0</Position>
<Axis>0 1 0</Axis>
</ConstraintGeometry>
<ConstraintGeometry geomType="plane">
<InstancePath>
<Uid>Balinera-20</Uid>
</InstancePath>
<Position>0 0 0</Position>
<Axis>0 1 0</Axis>
</ConstraintGeometry>
</Coincident>
<Coincident name="Coincidente22">
<ConstraintGeometry geomType="plane">
<InstancePath>
<Uid>Balinera-20</Uid>
</InstancePath>
<Position>0 0 0</Position>
<Axis>0 1 0</Axis>
</ConstraintGeometry>
<ConstraintGeometry geomType="plane">
<InstancePath>
<Uid>Balinera-21</Uid>
</InstancePath>
<Position>0 0 0</Position>
<Axis>0 1 0</Axis>
</ConstraintGeometry>
</Coincident>
<Coincident name="Coincidente23">
<ConstraintGeometry geomType="plane">
<InstancePath>
<Uid>Balinera-21</Uid>
</InstancePath>
<Position>0 0 0</Position>
<Axis>0 1 0</Axis>
</ConstraintGeometry>
<ConstraintGeometry geomType="plane">
<InstancePath>
<Uid>Balinera-22</Uid>
</InstancePath>
<Position>0 0 0</Position>
<Axis>0 1 0</Axis>
</ConstraintGeometry>
</Coincident>
<Coincident name="Coincidente24">
<ConstraintGeometry geomType="plane">
<InstancePath>
<Uid>Balinera-22</Uid>
</InstancePath>
<Position>0 0 0</Position>
<Axis>0 1 0</Axis>
</ConstraintGeometry>
<ConstraintGeometry geomType="plane">
<InstancePath>
<Uid>Balinera-23</Uid>
</InstancePath>
<Position>0 0 0</Position>
<Axis>0 1 0</Axis>
</ConstraintGeometry>
</Coincident>
<Coincident name="Coincidente25">
<ConstraintGeometry geomType="plane">
<InstancePath>
<Uid>Balinera-23</Uid>
</InstancePath>
<Position>0 0 0</Position>
<Axis>0 1 0</Axis>
</ConstraintGeometry>
<ConstraintGeometry geomType="plane">
<InstancePath>
<Uid>Balinera-25</Uid>
</InstancePath>
<Position>0 0 0</Position>
<Axis>0 1 0</Axis>
</ConstraintGeometry>
</Coincident>
<Coincident name="Coincidente26">
<ConstraintGeometry geomType="plane">
<InstancePath>
<Uid>Balinera-25</Uid>
</InstancePath>
<Position>0 0 0</Position>
<Axis>0 1 0</Axis>
</ConstraintGeometry>
<ConstraintGeometry geomType="plane">
<InstancePath>
<Uid>Balinera-26</Uid>
</InstancePath>
<Position>0 0 0</Position>
<Axis>0 1 0</Axis>
</ConstraintGeometry>
</Coincident>
<Coincident name="Coincidente27">
<ConstraintGeometry geomType="plane">
<InstancePath>
<Uid>Balinera-26</Uid>
</InstancePath>
<Position>0 0 0</Position>
<Axis>0 1 0</Axis>
</ConstraintGeometry>
<ConstraintGeometry geomType="plane">
<InstancePath>
<Uid>Balinera-27</Uid>
</InstancePath>
<Position>0 0 0</Position>
<Axis>0 1 0</Axis>
</ConstraintGeometry>
</Coincident>
<Coincident name="Coincidente28">
<ConstraintGeometry geomType="plane">
<InstancePath>
<Uid>Balinera-27</Uid>
</InstancePath>
<Position>0 0 0</Position>
<Axis>0 1 0</Axis>
</ConstraintGeometry>
<ConstraintGeometry geomType="plane">
<InstancePath>
<Uid>Balinera-28</Uid>
</InstancePath>
<Position>0 0 0</Position>
<Axis>0 1 0</Axis>
</ConstraintGeometry>
</Coincident>
<Coincident name="Coincidente29">
<ConstraintGeometry geomType="plane">
<InstancePath>
<Uid>Balinera-28</Uid>
</InstancePath>
<Position>0 0 0</Position>
<Axis>0 1 0</Axis>
</ConstraintGeometry>
<ConstraintGeometry geomType="plane">
<InstancePath>
<Uid>Balinera-29</Uid>
</InstancePath>
<Position>0 0 0</Position>
<Axis>0 1 0</Axis>
</ConstraintGeometry>
</Coincident>
<Coincident name="Coincidente30">
<ConstraintGeometry geomType="plane">
<InstancePath>
<Uid>Balinera-29</Uid>
</InstancePath>
<Position>0 0 0</Position>
<Axis>0 1 0</Axis>
</ConstraintGeometry>
<ConstraintGeometry geomType="plane">
<InstancePath>
<Uid>Balinera-30</Uid>
</InstancePath>
<Position>0 0 0</Position>
<Axis>0 1 0</Axis>
</ConstraintGeometry>
</Coincident>
<Coincident name="Coincidente31">
<ConstraintGeometry geomType="plane">
<InstancePath>
<Uid>Balinera-30</Uid>
</InstancePath>
<Position>0 0 0</Position>
<Axis>0 1 0</Axis>
</ConstraintGeometry>
<ConstraintGeometry geomType="plane">
<InstancePath>
<Uid>Balinera-31</Uid>
</InstancePath>
<Position>0 0 0</Position>
<Axis>0 1 0</Axis>
</ConstraintGeometry>
</Coincident>
<Coincident name="Coincidente32">
<ConstraintGeometry geomType="plane">
<InstancePath>
<Uid>Balinera-31</Uid>
</InstancePath>
<Position>0 0 0</Position>
<Axis>0 1 0</Axis>
</ConstraintGeometry>
<ConstraintGeometry geomType="plane">
<InstancePath>
<Uid>Balinera-32</Uid>
</InstancePath>
<Position>0 0 0</Position>
<Axis>0 1 0</Axis>
</ConstraintGeometry>
</Coincident>
<Coincident name="Coincidente33">
<ConstraintGeometry geomType="plane">
<InstancePath>
<Uid>Balinera-32</Uid>
</InstancePath>
<Position>0 0 0</Position>
<Axis>0 1 0</Axis>
</ConstraintGeometry>
<ConstraintGeometry geomType="plane">
<InstancePath>
<Uid>Balinera-33</Uid>
</InstancePath>
<Position>0 0 0</Position>
<Axis>0 1 0</Axis>
</ConstraintGeometry>
</Coincident>
<Coincident name="Coincidente34">
<ConstraintGeometry geomType="plane">
<InstancePath>
<Uid>Balinera-33</Uid>
</InstancePath>
<Position>0 0 0</Position>
<Axis>0 1 0</Axis>
</ConstraintGeometry>
<ConstraintGeometry geomType="plane">
<InstancePath>
<Uid>Balinera-34</Uid>
</InstancePath>
<Position>0 0 0</Position>
<Axis>0 1 0</Axis>
</ConstraintGeometry>
</Coincident>
<Coincident name="Coincidente35">
<ConstraintGeometry geomType="plane">
<InstancePath>
<Uid>Balinera-34</Uid>
</InstancePath>
<Position>0 0 0</Position>
<Axis>0 1 0</Axis>
</ConstraintGeometry>
<ConstraintGeometry geomType="plane">
<InstancePath>
<Uid>Balinera-35</Uid>
</InstancePath>
<Position>0 0 0</Position>
<Axis>0 1 0</Axis>
</ConstraintGeometry>
</Coincident>
<Coincident name="Coincidente36">
<ConstraintGeometry geomType="plane">
<InstancePath>
<Uid>Balinera-23</Uid>
</InstancePath>
<Position>0 0 0</Position>
<Axis>0 1 0</Axis>
</ConstraintGeometry>
<ConstraintGeometry geomType="plane">
<InstancePath>
<Uid>Balinera-24</Uid>
</InstancePath>
<Position>0 0 0</Position>
<Axis>0 1 0</Axis>
</ConstraintGeometry>
</Coincident>
<Tangent name="Tangente5">
<ConstraintGeometry geomType="sphere">
<InstancePath>
<Uid>Balinera-1</Uid>
</InstancePath>
<Position>0 0 0</Position>
</ConstraintGeometry>
<ConstraintGeometry geomType="cylinder">
<InstancePath>
<Uid>rodamiento-1</Uid>
</InstancePath>
<Position>0.046620268716867169 0.0034999999999999996 0.044573540859652372</Position>
<Axis>0 -1 0</Axis>
</ConstraintGeometry>
</Tangent>
<Concentric name="Concéntrica3">
<ConstraintGeometry geomType="cylinder">
<InstancePath>
<Uid>Base-1</Uid>
</InstancePath>
<Position>0 0.005000000000000001 0</Position>
<Axis>0 -1 0</Axis>
</ConstraintGeometry>
<ConstraintGeometry geomType="cylinder">
<InstancePath>
<Uid>rodamiento-1</Uid>
</InstancePath>
<Position>0 -0.0015000000000000013 0</Position>
<Axis>0 1 0</Axis>
</ConstraintGeometry>
</Concentric>
<Coincident name="Coincidente37">
<ConstraintGeometry geomType="plane">
<InstancePath>
<Uid>Balinera-1</Uid>
</InstancePath>
<Position>0 0 0</Position>
<Axis>0 1 0</Axis>
</ConstraintGeometry>
<ConstraintGeometry geomType="plane">
<InstancePath>
<Uid>rodamiento-1</Uid>
</InstancePath>
<Position>0 0 0</Position>
<Axis>0 1 0</Axis>
</ConstraintGeometry>
</Coincident>
<Tangent name="Tangente6">
<ConstraintGeometry geomType="cylinder">
<InstancePath>
<Uid>rodamiento-1</Uid>
</InstancePath>
<Position>0.037912148772865001 0.0034999999999999996 0.052181596137183817</Position>
<Axis>0 -1 0</Axis>
</ConstraintGeometry>
